检验族每品种 36 项 → Bonferroni α = 0.00139；显著性检验口径 k=3、缓冲 2ATR；矩阵 B 比值口径 缓冲 5%

══════════════════════════════════════════════════════════════════════════════════════════════════════════════
B. 指标尾部状态突破率 ÷ 其余状态突破率（k=3, 缓冲 5%；同一不重叠子样本）。>1 更危险 <1 更安全；星号只用于 2ATR 主检验：* p<0.05  ** 过 Bonferroni
══════════════════════════════════════════════════════════════════════════════════════════════════════════════
指标·状态·侧                     GLD    SLV    USO    QQQ   TQQQ    TLT    SPY    IWM  GOOGL   TSLA   NVDA   INTC    AMD   MSFT   AAPL   ≥1.25 ≤0.80 中位  簇复现
RSI14·超卖≤30·↓put           1.27   0.98   1.64   1.28   1.25   1.25   5.55   3.13   0.78   1.32   1.15   1.39   1.19   0.70   2.09      10     2  1.27  3↑/0↓ of 5
RSI14·超卖≤30·↑call          0.42   0.75   1.68  12.60   1.93   0.00  12.23   3.24   2.19   1.43   1.37   1.35   0.90   1.94   2.06      11     3  1.68  3↑/2↓ of 5
RSI14·超买≥70·↓put           1.59   1.28   0.46   0.23   0.49   4.61   0.14   0.21   0.75   0.94   0.62   0.89   0.75   0.43   0.30       3    10  0.62  2↑/3↓ of 5
RSI14·超买≥70·↑call          0.48   1.26   1.07   0.28   0.45   4.61   0.00   0.25   0.45   1.11   0.69   1.03   1.08   0.56   0.57       2     9  0.57  1↑/2↓ of 5
布林%B·下轨外·↓put              2.57   0.82   1.33   1.93   1.49   0.00   3.24   1.79   0.98   1.13   0.85   0.84   1.07   1.68   1.24       7     1  1.24  3↑/1↓ of 5
布林%B·下轨外·↑call             1.80   0.77   1.40   8.81   1.97   0.00   7.37   2.08   3.13   1.21   1.04   1.98   0.74   3.82   2.36      10     3  1.97  4↑/1↓ of 5
布林%B·上轨外·↓put              1.73   2.07   1.08   0.33   0.55   4.34   0.00   0.39   1.62   0.58   0.71   1.10   1.02   0.34   0.20       4     8  0.71  2↑/2↓ of 5
布林%B·上轨外·↑call             0.58   1.00   0.95   0.00   0.31   0.00   0.00   0.44   1.57   1.59   0.69   1.47   1.00   0.79   0.16       3     9  0.69  0↑/3↓ of 5
MACD柱·柱≤0·↓put             0.91   0.91   1.21   1.43   1.58   1.36   2.18   1.67   1.18   1.16   1.12   1.17   1.10   0.98   1.96       6     0  1.18  2↑/0↓ of 5
MACD柱·柱≤0·↑call            1.08   0.83   1.39   1.86   1.57   0.54   1.94   1.13   1.09   0.99   1.15   0.93   0.93   1.58   1.28       6     1  1.13  2↑/1↓ of 5
MACD柱·柱>0·↓put             1.09   1.10   0.82   0.70   0.63   0.74   0.46   0.60   0.85   0.86   0.89   0.85   0.91   1.02   0.51       0     6  0.85  0↑/2↓ of 5
MACD柱·柱>0·↑call            0.93   1.20   0.72   0.54   0.64   1.84   0.51   0.88   0.92   1.01   0.87   1.08   1.08   0.63   0.78       1     6  0.88  1↑/2↓ of 5
StochK·K≤20·↓put           2.86   0.82   1.60   1.03   1.67   1.75   2.99   2.75   1.82   1.37   1.29   1.06   0.94   0.72   1.43      10     1  1.43  5↑/0↓ of 5
StochK·K≤20·↑call          1.40   0.90   1.65   6.40   1.79   0.00   7.87   2.23   1.49   1.06   1.33   1.13   0.87   1.95   1.74      10     1  1.49  3↑/1↓ of 5
StochK·K≥80·↓put           1.54   1.04   0.70   0.24   0.59   1.05   0.18   0.46   1.28   0.91   0.88   1.03   1.05   0.53   0.39       2     7  0.88  1↑/2↓ of 5
StochK·K≥80·↑call          0.75   1.44   0.54   0.18   0.46   1.05   0.16   0.34   0.62   0.92   0.66   0.85   0.92   0.59   0.57       1    10  0.62  0↑/3↓ of 5
超买超卖·极超卖·↓put              3.15   1.52   2.11   1.07   1.54   0.00   5.45   2.78   1.31   1.48   0.91   0.62   0.76   1.01   1.19       8     3  1.31  3↑/1↓ of 5
超买超卖·极超卖·↑call             1.05   2.18   2.16  11.65   2.09   0.00   8.02   2.21   2.75   1.17   1.22   0.74   0.63   4.75   3.45       9     3  2.16  3↑/1↓ of 5
超买超卖·极超买·↓put              0.00   0.80   0.14   0.00   0.39   3.18   0.00   0.00   2.65   0.98   0.97   1.40   0.89   0.83   0.22       3     8  0.80  1↑/3↓ of 5
超买超卖·极超买·↑call             0.00   0.46   0.53   0.00   0.47   0.00   0.00   0.00   0.85   1.23   1.05   1.39   1.03   0.00   0.18       1    10  0.46  0↑/4↓ of 5
带宽分位·低波≤10%·↓put           0.29   0.80   0.84   0.48   1.03   0.00   0.25   0.50   0.74   0.84   0.95   0.60   0.79   0.56   0.55       0    11  0.60  0↑/4↓ of 5
带宽分位·低波≤10%·↑call          0.66   0.73   0.35   0.38   0.88   0.00   0.00   0.58   0.90   0.77   0.93   0.59   0.94   0.87   0.80       0    10  0.73  0↑/4↓ of 5
带宽分位·高波≥90%·↓put           1.96   1.56   2.43   4.37   1.36   9.30   7.59   4.43   1.99   1.01   1.25   1.60   1.35   1.77   2.06      14     0  1.96  5↑/0↓ of 5
带宽分位·高波≥90%·↑call          8.92   2.50   2.29   5.33   1.50   9.30  16.27   4.59   1.16   1.72   1.17   1.72   1.42   2.30   1.97      13     0  2.29  5↑/0↓ of 5
带宽扩张比·收缩≤0.8·↓put          0.88   1.08   1.09   1.02   1.15   0.47   0.38   0.93   0.91   1.07   1.12   0.94   0.66   0.56   0.94       0     4  0.94  0↑/1↓ of 5
带宽扩张比·收缩≤0.8·↑call         0.98   0.90   0.94   0.60   0.99   0.47   0.74   1.81   0.53   0.86   0.96   0.59   1.01   1.09   0.94       1     5  0.94  0↑/1↓ of 5
带宽扩张比·扩张≥1.3·↓put          1.13   1.10   1.15   1.42   1.07   1.33   1.91   1.44   1.64   0.96   0.99   1.02   1.03   0.99   0.94       5     0  1.10  2↑/0↓ of 5
带宽扩张比·扩张≥1.3·↑call         1.61   0.85   1.12   3.10   0.96   2.34   4.28   1.40   1.32   1.42   1.11   0.99   1.09   1.21   0.98       7     0  1.21  2↑/0↓ of 5
ATR分位·低波≤10%·↓put          0.00   0.60   0.89   0.14   1.31   0.55   0.00   0.27   0.69   0.78   0.87   0.40   0.73   0.14   0.63       1    12  0.60  0↑/4↓ of 5
ATR分位·低波≤10%·↑call         0.33   0.62   0.77   0.34   0.94   0.00   0.00   0.48   1.22   1.18   1.39   0.69   0.85   1.34   1.19       2     8  0.77  0↑/4↓ of 5
ATR分位·高波≥90%·↓put          2.62   2.07   1.96   6.14   1.47   8.61   5.02   2.99   2.33   1.11   0.98   2.23   1.36   3.19   2.55      13     0  2.33  5↑/0↓ of 5
ATR分位·高波≥90%·↑call         5.24   2.32   1.60   4.69   1.26  13.77   7.92   1.83   1.25   1.50   1.15   1.96   1.55   1.60   1.67      13     0  1.67  5↑/0↓ of 5
ATR扩张比·收缩≤0.8·↓put         0.00   1.46   1.03   0.86   0.57   0.00   0.52   1.67   1.03   0.84   0.92   0.74   0.87   0.62   1.22       2     6  0.86  0↑/3↓ of 5
ATR扩张比·收缩≤0.8·↑call        0.00   0.96   1.51   1.59   1.18   4.98   0.71   1.26   0.42   1.05   0.62   0.65   0.80   0.74   1.18       4     6  0.96  2↑/2↓ of 5
ATR扩张比·扩张≥1.3·↓put         2.53   2.47   2.20   3.83   1.49  20.41   1.97   3.43   2.95   1.34   0.95   2.24   1.14   1.12   1.45      12     0  2.20  5↑/0↓ of 5
ATR扩张比·扩张≥1.3·↑call        8.18   2.58   2.82   5.58   1.46  20.41   3.87   1.49   1.34   1.50   1.34   3.29   1.35   1.80   1.58      15     0  1.80  5↑/0↓ of 5

══════════════════════════════════════════════════════════════════════════════════════════════════════════════
E. 描述性稳健性：每个 k 用其不重叠子样本，状态 / 其余状态比值的品种中位数。仅 k=3、2ATR 有主检验；其余格无显著性结论
══════════════════════════════════════════════════════════════════════════════════════════════════════════════
指标·状态·侧                     k2 3%    k2 5%    k2 7%k2 1.5ATR  k2 2ATR  k2 3ATR    k3 3%    k3 5%    k3 7%k3 1.5ATR  k3 2ATR  k3 3ATR    k4 3%    k4 5%    k4 7%k4 1.5ATR  k4 2ATR  k4 3ATR
RSI14·超卖≤30·↓put             1.29     1.30     1.71     0.88     0.85     0.86     1.22     1.27     1.41     0.91     0.86     0.76     1.09     1.15     1.37     0.86     0.77     0.77
RSI14·超卖≤30·↑call            1.37     1.71     2.09     1.08     1.03     0.70     1.38     1.68     1.63     1.13     0.94     1.02     1.33     1.77     1.49     1.14     1.09     0.89
RSI14·超买≥70·↓put             0.73     0.54     0.57     1.05     1.30     1.69     0.83     0.62     0.67     0.98     1.01     1.54     0.85     0.71     0.59     0.96     1.08     1.33
RSI14·超买≥70·↑call            0.72     0.64     0.55     1.17     1.44     1.76     0.79     0.57     0.70     1.01     1.16     1.18     0.80     0.60     0.62     1.16     0.97     1.22
布林%B·下轨外·↓put                1.23     1.23     1.18     0.92     0.77     0.77     1.13     1.24     1.40     0.98     1.08     0.63     0.97     1.07     1.07     0.88     0.90     0.66
布林%B·下轨外·↑call               1.69     1.48     2.06     1.18     1.38     0.87     1.61     1.97     2.79     1.37     1.34     1.01     1.48     1.54     1.84     1.34     1.39     1.29
布林%B·上轨外·↓put                0.78     0.76     0.82     1.03     0.92     1.60     0.84     0.71     0.66     0.99     1.02     1.23     0.70     0.53     0.70     0.94     0.99     1.39
布林%B·上轨外·↑call               0.80     0.80     1.00     1.08     1.16     1.57     0.87     0.69     0.86     1.09     1.22     1.52     0.91     0.81     0.66     0.97     1.12     0.95
MACD柱·柱≤0·↓put               1.14     1.32     1.30     1.02     1.00     1.00     1.13     1.18     1.19     1.08     1.17     0.94     1.05     1.23     1.25     1.08     1.22     0.91
MACD柱·柱≤0·↑call              1.16     1.31     1.04     1.01     0.92     1.02     1.07     1.13     1.23     1.04     1.01     0.99     1.12     1.20     1.23     1.12     1.02     1.08
MACD柱·柱>0·↓put               0.88     0.76     0.74     0.98     1.00     1.00     0.89     0.85     0.82     0.92     0.85     1.06     0.95     0.81     0.80     0.92     0.82     1.10
MACD柱·柱>0·↑call              0.86     0.76     0.93     0.99     1.08     0.98     0.94     0.88     0.82     0.96     0.99     1.01     0.89     0.83     0.81     0.89     0.98     0.93
StochK·K≤20·↓put             1.34     1.59     2.06     0.95     1.08     0.77     1.17     1.43     1.42     0.97     0.94     0.59     1.17     1.26     1.62     0.98     1.01     0.82
StochK·K≤20·↑call            1.45     1.94     2.06     0.97     0.84     0.44     1.25     1.49     1.23     0.98     0.90     0.66     1.24     1.62     1.48     0.93     1.03     0.86
StochK·K≥80·↓put             0.88     0.66     0.68     0.98     1.17     1.54     0.88     0.88     0.78     1.05     1.12     1.21     0.82     0.69     0.61     0.97     0.95     1.25
StochK·K≥80·↑call            0.72     0.52     0.48     1.02     0.96     1.25     0.82     0.62     0.51     0.99     0.94     1.20     0.87     0.65     0.52     0.94     0.88     1.09
超买超卖·极超卖·↓put                1.18     1.57     1.83     0.91     1.13     1.32     1.30     1.31     1.71     0.88     0.81     0.81     1.02     1.27     1.34     0.84     1.02     0.81
超买超卖·极超卖·↑call               1.80     2.45     2.72     1.38     1.31     0.00     1.59     2.16     3.11     1.15     0.87     0.96     1.96     1.92     2.15     1.27     1.22     1.08
超买超卖·极超买·↓put                0.65     0.49     0.24     0.88     0.69     1.04     0.83     0.80     0.28     0.86     0.84     1.09     0.90     0.79     0.92     0.82     0.95     1.37
超买超卖·极超买·↑call               0.72     0.73     0.78     1.15     1.17     1.80     0.72     0.46     0.40     0.95     0.99     0.77     0.80     0.68     0.64     1.08     1.16     1.04
带宽分位·低波≤10%·↓put             0.66     0.65     0.22     1.47     1.46     1.44     0.78     0.60     0.50     1.19     1.36     1.75     0.73     0.69     0.54     1.16     1.23     1.54
带宽分位·低波≤10%·↑call            0.75     0.64     0.39     1.48     1.54     1.89     0.82     0.73     0.48     1.38     1.62     1.61     0.80     0.68     0.63     1.25     1.57     1.74
带宽分位·高波≥90%·↓put             1.93     2.43     3.44     0.92     0.91     0.77     1.43     1.96     2.53     0.82     0.78     0.87     1.54     1.62     2.49     0.79     0.81     0.78
带宽分位·高波≥90%·↑call            1.71     2.60     3.06     0.69     0.73     0.96     1.46     2.29     2.62     0.91     0.68     0.62     1.47     1.90     2.72     0.76     0.70     0.57
带宽扩张比·收缩≤0.8·↓put            0.90     0.75     0.62     1.09     1.20     1.19     1.03     0.94     0.95     1.10     1.06     1.23     1.01     0.85     0.88     1.09     1.08     1.26
带宽扩张比·收缩≤0.8·↑call           0.93     0.86     0.85     1.09     1.25     1.22     0.99     0.94     0.91     1.11     1.14     1.22     0.94     0.93     0.95     1.10     1.22     1.01
带宽扩张比·扩张≥1.3·↓put            1.07     1.12     1.34     0.91     0.98     1.08     1.06     1.10     1.13     0.91     0.94     1.02     1.07     1.03     1.09     0.98     0.93     0.80
带宽扩张比·扩张≥1.3·↑call           1.12     1.24     1.82     1.03     1.01     1.14     1.11     1.21     1.33     1.04     1.14     1.08     1.04     1.13     1.13     1.01     1.00     1.19
ATR分位·低波≤10%·↓put            0.67     0.32     0.10     1.30     1.50     1.86     0.62     0.60     0.42     1.18     1.39     1.71     0.64     0.56     0.55     1.23     1.26     1.35
ATR分位·低波≤10%·↑call           0.78     0.73     0.57     1.60     2.06     2.10     0.85     0.77     0.62     1.38     1.71     1.93     0.80     0.70     0.67     1.28     1.75     1.81
ATR分位·高波≥90%·↓put            1.81     2.56     3.75     0.91     0.81     0.88     1.57     2.33     2.69     0.89     0.79     0.71     1.46     1.93     2.97     0.88     0.75     0.97
ATR分位·高波≥90%·↑call           1.67     2.24     2.36     0.64     0.58     0.65     1.40     1.67     2.15     0.77     0.74     0.64     1.40     1.87     1.91     0.83     0.67     0.58
ATR扩张比·收缩≤0.8·↓put           0.79     0.67     0.48     0.64     0.71     0.00     0.87     0.86     0.65     0.82     0.75     0.65     0.90     0.84     0.62     0.99     1.06     0.63
ATR扩张比·收缩≤0.8·↑call          0.82     0.79     0.59     1.17     1.11     0.75     0.96     0.96     0.87     1.14     1.14     1.38     0.92     1.04     1.18     1.04     0.95     1.68
ATR扩张比·扩张≥1.3·↓put           1.95     2.31     4.38     1.17     1.46     1.83     1.64     2.20     3.00     1.09     1.37     1.45     1.37     1.75     2.37     1.03     0.82     0.90
ATR扩张比·扩张≥1.3·↑call          1.81     2.34     3.19     1.38     1.63     1.77     1.61     1.80     2.40     1.35     1.43     1.86     1.28     1.73     2.39     1.14     1.30     1.41
